1000010001001101
1000010001001110
1100010000000000
0000100000001011
0000010100101100
0001110100001010
0010010101010010
0000010100001111
0001100100000001
0000100100001111
0000100100010000
0001010100010000
0001100100000001
0000100100010000
0000010100001100
0001100100000001
0000100100001100
0010110001000100
0000010100101100
0001110100001011
0010010101010111
0000100100001111
0010110010000001
0000010000001011
0001010000101100
0010000010000001
0000010100010000
0001100100000001
0000100100010000
0000010100001100
0001100100000001
0000100100001100
0010110001000100
0000010100001111
1100100100000001
0000010100010000
1100100100000001